              precision    recall  f1-score   support

           0       0.21      0.01      0.02      1394
           1       0.10      0.03      0.05      1203
           2       0.19      0.49      0.28      1966
           3       0.19      0.46      0.27      1766
           4       0.15      0.03      0.05      1366
           5       0.36      0.02      0.03      2565

    accuracy                           0.19     10260
   macro avg       0.20      0.17      0.12     10260
weighted avg       0.22      0.19      0.12     10260
