              precision    recall  f1-score   support

           0       0.16      0.02      0.03      1394
           1       0.09      0.05      0.07      1203
           2       0.20      0.49      0.28      1966
           3       0.18      0.40      0.25      1766
           4       0.12      0.04      0.06      1366
           5       0.32      0.03      0.05      2565

    accuracy                           0.18     10260
   macro avg       0.18      0.17      0.12     10260
weighted avg       0.20      0.18      0.13     10260
