              precision    recall  f1-score   support

           0       0.21      0.01      0.02      1394
           1       0.10      0.03      0.04      1203
           2       0.20      0.62      0.31      1966
           3       0.17      0.35      0.23      1766
           4       0.11      0.01      0.02      1366
           5       0.38      0.01      0.02      2565

    accuracy                           0.19     10260
   macro avg       0.19      0.17      0.11     10260
weighted avg       0.22      0.19      0.11     10260
