              precision    recall  f1-score   support

           0       0.34      0.00      0.01     15840
           1       0.14      0.01      0.02     21090
           2       0.26      0.39      0.31     45001
           3       0.28      0.59      0.38     47864
           4       0.15      0.02      0.03     25646
           5       0.31      0.00      0.01     16802

    accuracy                           0.27    172243
   macro avg       0.25      0.17      0.13    172243
weighted avg       0.25      0.27      0.20    172243
