              precision    recall  f1-score   support

           0       0.33      0.00      0.01     15840
           1       0.15      0.01      0.02     21090
           2       0.26      0.41      0.32     45001
           3       0.28      0.55      0.37     47864
           4       0.15      0.03      0.05     25646
           5       0.28      0.01      0.02     16802

    accuracy                           0.27    172243
   macro avg       0.24      0.17      0.13    172243
weighted avg       0.24      0.27      0.20    172243
