              precision    recall  f1-score   support

           0       0.24      0.02      0.03      1394
           1       0.09      0.04      0.05      1203
           2       0.19      0.50      0.28      1966
           3       0.19      0.43      0.26      1766
           4       0.13      0.03      0.05      1366
           5       0.38      0.02      0.04      2565

    accuracy                           0.19     10260
   macro avg       0.20      0.17      0.12     10260
weighted avg       0.22      0.19      0.13     10260
