              precision    recall  f1-score   support

           0       0.23      0.01      0.01      1394
           1       0.06      0.01      0.02      1203
           2       0.17      0.28      0.21      1966
           3       0.19      0.64      0.29      1766
           4       0.13      0.05      0.07      1366
           5       0.35      0.02      0.04      2565

    accuracy                           0.18     10260
   macro avg       0.19      0.17      0.11     10260
weighted avg       0.21      0.18      0.11     10260
