              precision    recall  f1-score   support

           0       0.28      0.01      0.03     15840
           1       0.13      0.02      0.04     21090
           2       0.27      0.40      0.32     45001
           3       0.29      0.53      0.37     47864
           4       0.15      0.06      0.08     25646
           5       0.27      0.05      0.08     16802

    accuracy                           0.27    172243
   macro avg       0.23      0.18      0.15    172243
weighted avg       0.24      0.27      0.22    172243
