              precision    recall  f1-score   support

           0       0.00      0.00      0.00       366
           1       0.13      0.02      0.04       482
           2       0.27      0.45      0.34      1131
           3       0.28      0.49      0.36      1147
           4       0.16      0.03      0.06       619
           5       1.00      0.00      0.01       351

    accuracy                           0.27      4096
   macro avg       0.31      0.17      0.13      4096
weighted avg       0.28      0.27      0.21      4096
