              precision    recall  f1-score   support

           0       0.00      0.00      0.00       366
           1       0.11      0.03      0.05       482
           2       0.29      0.60      0.39      1131
           3       0.27      0.36      0.31      1147
           4       0.05      0.00      0.01       619
           5       0.00      0.00      0.00       351

    accuracy                           0.27      4096
   macro avg       0.12      0.17      0.12      4096
weighted avg       0.17      0.27      0.20      4096
