              precision    recall  f1-score   support

           0       0.24      0.01      0.02     15840
           1       0.13      0.03      0.05     21090
           2       0.28      0.59      0.38     45001
           3       0.27      0.34      0.30     47864
           4       0.15      0.04      0.07     25646
           5       0.25      0.03      0.05     16802

    accuracy                           0.26    172243
   macro avg       0.22      0.17      0.14    172243
weighted avg       0.23      0.26      0.20    172243
