              precision    recall  f1-score   support

           0       0.00      0.00      0.00      1394
           1       0.00      0.00      0.00      1203
           2       0.19      0.43      0.27      1966
           3       0.16      0.54      0.25      1766
           4       0.08      0.01      0.01      1366
           5       0.55      0.01      0.01      2565

    accuracy                           0.18     10260
   macro avg       0.16      0.16      0.09     10260
weighted avg       0.21      0.18      0.10     10260
