              precision    recall  f1-score   support

           0       0.33      0.00      0.00      1394
           1       0.03      0.00      0.00      1203
           2       0.19      0.61      0.29      1966
           3       0.18      0.38      0.25      1766
           4       0.10      0.01      0.02      1366
           5       0.51      0.01      0.03      2565

    accuracy                           0.19     10260
   macro avg       0.22      0.17      0.10     10260
weighted avg       0.26      0.19      0.11     10260
