              precision    recall  f1-score   support

           0       0.40      0.00      0.00     15840
           1       0.16      0.01      0.01     21090
           2       0.26      0.39      0.31     45001
           3       0.29      0.61      0.39     47864
           4       0.17      0.01      0.02     25646
           5       0.38      0.01      0.01     16802

    accuracy                           0.27    172243
   macro avg       0.28      0.17      0.12    172243
weighted avg       0.27      0.27      0.20    172243
